zero = [[1,0],[2,0],[0,1],[3,1],[0,2],[3,2],[0,3],[3,3],[0,4],[3,4],[0,4],[3,4],[0,5],[3,5],[1,6],[2,6]]
one = [[2,0],[2,1],[2,2],[2,3],[2,4],[2,5],[2,6],[1,1],[1,6],[3,6]]
two = [[0,6],[1,6],[2,6],[3,6],[1,0],[2,0],[0,1],[3,1],[3,2],[2,3],[1,4],[0,5]]
three = [[1,0],[2,0],[0,1],[3,1],[2,2],[3,2],[1,3],[2,3],[3,4],[3,5],[0,5],[1,6],[2,6]]
four = [[2,0],[2,1],[2,2],[2,3],[2,4],[2,5],[2,6],[1,1],[0,2],[0,3],[0,4],[1,4],[3,4]]
five = [[0,0],[0,1],[0,2],[0,3],[0,5],[1,0],[2,0],[3,0],[1,3],[2,3],[3,4],[3,5],[1,6],[2,6]]
six = [[1,0],[2,0],[3,0],[0,1],[0,2],[0,3],[0,4],[0,5],[1,3],[2,3],[3,4],[3,5],[1,6],[2,6]]
seven = [[1,0],[2,0],[0,1],[0,2],[3,1],[3,2],[3,3],[3,4],[3,5],[3,6]]
eight = [[1,0],[2,0],[0,1],[3,1],[0,2],[3,2],[0,4],[3,4],[0,5],[3,5],[1,6],[2,6]]
nine = [[3,1],[3,2],[3,3],[3,4],[3,5],[3,6],[0,6],[1,6],[2,6],[1,0],[2,0],[0,1],[0,2],[1,3],[2,3]]

numbers = [zero,one,two,three,four,five,six,seven,eight,nine]